4383
886
2777
1915
2793
3335
386
492
1649
1421
2362
27
3690
59
2763
3926
540
3426
4172
736
211
368
2567
1429
782
1530
2862
123
4067
3135
3929
4802
4022
3058
3069
3167
1393
3456
11
3042
1229
2373
4421
4919
3784
3537
198
4324
3315
4370
1413
3526
1091
3980
4956
1873
1862
4170
1996
2281
2305
925
2084
1327
336
1505
846
1729
1313
857
1124
3895
4582
545
3814
3367
434
364
4043
3750
1087
1808
2276
2178
788
3584
403
2651
2754
2399
4932
60
4676
3368
2739
12
1226
3586
3094
2539